OTIMIZACAO 5D ETHUSDT 1h
--------------------------------------------------------------------------------
Dist  Stop  Nota  EMA   Min%  Lucro       Win%    
0.0   3.0   20    80    0.0   92.13       50.0    
0.0   3.0   20    80    0.1   92.13       50.0    
0.0   3.0   20    80    0.2   92.13       50.0    
0.0   3.0   20    90    0.0   92.13       50.0    
0.0   3.0   20    90    0.1   92.13       50.0    
0.0   3.0   20    90    0.2   92.13       50.0    
0.0   3.0   30    80    0.0   92.13       50.0    
0.0   3.0   30    80    0.1   92.13       50.0    
0.0   3.0   30    80    0.2   92.13       50.0    
0.0   3.0   30    90    0.0   92.13       50.0    
0.0   3.0   30    90    0.1   92.13       50.0    
0.0   3.0   30    90    0.2   92.13       50.0    
0.0   3.0   20    100   0.0   75.04       42.9    
0.0   3.0   20    100   0.1   75.04       42.9    
0.0   3.0   20    100   0.2   75.04       42.9    
0.0   3.0   30    100   0.0   75.04       42.9    
0.0   3.0   30    100   0.1   75.04       42.9    
0.0   3.0   30    100   0.2   75.04       42.9    
0.0   3.5   20    80    0.0   70.08       62.5    
0.0   3.5   20    80    0.1   70.08       62.5    
0.0   3.5   20    80    0.2   70.08       62.5    
0.0   3.5   20    90    0.0   70.08       62.5    
0.0   3.5   20    90    0.1   70.08       62.5    
0.0   3.5   20    90    0.2   70.08       62.5    
0.0   3.5   30    80    0.0   70.08       62.5    
0.0   3.5   30    80    0.1   70.08       62.5    
0.0   3.5   30    80    0.2   70.08       62.5    
0.0   3.5   30    90    0.0   70.08       62.5    
0.0   3.5   30    90    0.1   70.08       62.5    
0.0   3.5   30    90    0.2   70.08       62.5    
0.0   3.5   20    100   0.0   67.08       57.1    
0.0   3.5   20    100   0.1   67.08       57.1    
0.0   3.5   20    100   0.2   67.08       57.1    
0.0   3.5   30    100   0.0   67.08       57.1    
0.0   3.5   30    100   0.1   67.08       57.1    
0.0   3.5   30    100   0.2   67.08       57.1    
2.0   2.0   20    80    0.2   54.08       78.3    
2.0   2.0   20    90    0.2   54.08       78.3    
2.0   2.0   30    80    0.2   54.08       78.3    
2.0   2.0   30    90    0.2   54.08       78.3    
2.0   2.0   20    80    0.1   53.41       76.9    
2.0   2.0   20    90    0.1   53.41       76.9    
2.0   2.0   30    80    0.1   53.41       76.9    
2.0   2.0   30    90    0.1   53.41       76.9    
2.0   2.0   20    100   0.2   49.77       78.3    
2.0   2.0   30    100   0.2   49.77       78.3    
2.0   2.0   20    100   0.1   49.10       76.9    
2.0   2.0   30    100   0.1   49.10       76.9    
1.0   1.5   20    90    0.1   48.16       64.9    
1.0   1.5   30    90    0.1   48.16       64.9    
1.0   1.5   20    100   0.1   47.88       62.2    
1.0   1.5   30    100   0.1   47.88       62.2    
2.0   2.5   20    80    0.2   36.38       78.3    
2.0   2.5   20    90    0.2   36.38       78.3    
2.0   2.5   30    80    0.2   36.38       78.3    
2.0   2.5   30    90    0.2   36.38       78.3    
2.0   2.5   20    80    0.1   35.72       76.9    
2.0   2.5   20    90    0.1   35.72       76.9    
2.0   2.5   30    80    0.1   35.72       76.9    
2.0   2.5   30    90    0.1   35.72       76.9    
1.0   1.5   20    90    0.2   34.73       61.8    
1.0   1.5   30    90    0.2   34.73       61.8    
1.0   1.5   20    100   0.2   34.45       58.8    
1.0   1.5   30    100   0.2   34.45       58.8    
2.0   2.5   20    100   0.2   32.15       78.3    
2.0   2.5   30    100   0.2   32.15       78.3    
2.0   3.5   20    80    0.2   32.03       78.3    
2.0   3.5   20    90    0.2   32.03       78.3    
2.0   3.5   30    80    0.2   32.03       78.3    
2.0   3.5   30    90    0.2   32.03       78.3    
2.0   2.5   20    100   0.1   31.49       76.9    
2.0   2.5   30    100   0.1   31.49       76.9    
2.0   3.5   20    80    0.1   31.37       76.9    
2.0   3.5   20    90    0.1   31.37       76.9    
2.0   3.5   30    80    0.1   31.37       76.9    
2.0   3.5   30    90    0.1   31.37       76.9    
1.0   1.5   40    90    0.1   30.82       64.7    
1.0   1.5   40    100   0.1   30.55       61.8    
1.0   2.0   40    90    0.1   28.42       63.6    
2.0   3.5   20    100   0.2   27.81       78.3    
2.0   3.5   30    100   0.2   27.81       78.3    
1.0   1.5   40    80    0.1   27.73       64.7    
2.0   3.5   20    100   0.1   27.15       76.9    
2.0   3.5   30    100   0.1   27.15       76.9    
1.0   2.0   20    90    0.1   26.64       62.9    
1.0   2.0   30    90    0.1   26.64       62.9    
2.0   3.0   20    80    0.2   25.74       78.3    
2.0   3.0   20    90    0.2   25.74       78.3    
2.0   3.0   30    80    0.2   25.74       78.3    
2.0   3.0   30    90    0.2   25.74       78.3    
1.0   2.0   40    80    0.1   25.33       63.6    
2.0   3.0   20    80    0.1   25.08       76.9    
2.0   3.0   20    90    0.1   25.08       76.9    
2.0   3.0   30    80    0.1   25.08       76.9    
2.0   3.0   30    90    0.1   25.08       76.9    
1.0   2.0   40    100   0.1   24.60       63.6    
1.0   2.0   20    100   0.1   22.83       62.9    
1.0   2.0   30    100   0.1   22.83       62.9    
2.0   3.5   40    80    0.2   21.87       78.3    
2.0   3.5   40    90    0.2   21.87       78.3    
2.0   3.0   20    100   0.2   21.55       78.3    
2.0   3.0   30    100   0.2   21.55       78.3    
2.0   3.5   40    80    0.1   21.22       76.9    
2.0   3.5   40    90    0.1   21.22       76.9    
2.0   3.0   20    100   0.1   20.90       76.9    
2.0   3.0   30    100   0.1   20.90       76.9    
1.0   3.0   20    100   0.1   20.16       65.6    
1.0   3.0   30    100   0.1   20.16       65.6    
1.0   3.0   40    100   0.1   18.99       66.7    
2.0   3.5   40    100   0.2   17.70       78.3    
1.0   1.5   40    90    0.2   17.61       61.3    
1.0   1.5   40    100   0.2   17.34       58.1    
2.0   3.5   40    100   0.1   17.05       76.9    
0.0   2.0   20    80    0.0   16.04       55.6    
0.0   2.0   20    80    0.1   16.04       55.6    
0.0   2.0   20    80    0.2   16.04       55.6    
0.0   2.0   20    90    0.0   16.04       55.6    
0.0   2.0   20    90    0.1   16.04       55.6    
0.0   2.0   20    90    0.2   16.04       55.6    
0.0   2.0   30    80    0.0   16.04       55.6    
0.0   2.0   30    80    0.1   16.04       55.6    
0.0   2.0   30    80    0.2   16.04       55.6    
0.0   2.0   30    90    0.0   16.04       55.6    
0.0   2.0   30    90    0.1   16.04       55.6    
0.0   2.0   30    90    0.2   16.04       55.6    
1.0   3.5   20    100   0.1   15.80       65.6    
1.0   3.5   30    100   0.1   15.80       65.6    
2.0   3.0   40    80    0.2   15.65       78.3    
2.0   3.0   40    90    0.2   15.65       78.3    
1.0   1.5   20    80    0.1   15.63       63.9    
1.0   1.5   30    80    0.1   15.63       63.9    
1.0   2.0   40    90    0.2   15.23       60.0    
1.0   2.0   20    80    0.1   15.22       62.9    
1.0   2.0   30    80    0.1   15.22       62.9    
2.0   3.0   40    80    0.1   15.00       76.9    
2.0   3.0   40    90    0.1   15.00       76.9    
1.0   1.5   40    80    0.2   14.56       61.3    
1.0   2.0   20    90    0.2   13.48       59.4    
1.0   2.0   30    90    0.2   13.48       59.4    
1.0   3.0   20    90    0.1   12.63       65.6    
1.0   3.0   30    90    0.1   12.63       65.6    
1.0   2.0   40    80    0.2   12.19       60.0    
2.0   3.0   40    100   0.2   11.50       78.3    
1.0   3.0   40    90    0.1   11.47       66.7    
1.0   2.0   40    100   0.2   11.47       60.0    
2.0   3.0   40    100   0.1   10.86       76.9    
1.0   2.0   20    100   0.2   9.72        59.4    
1.0   2.0   30    100   0.2   9.72        59.4    
2.0   1.5   40    80    0.2   9.34        73.9    
2.0   1.5   40    90    0.2   9.34        73.9    
2.0   1.5   40    80    0.1   8.69        73.1    
2.0   1.5   40    90    0.1   8.69        73.1    
1.0   3.5   40    100   0.1   8.57        66.7    
1.0   3.0   40    80    0.1   8.44        66.7    
1.0   3.0   20    100   0.2   7.09        62.1    
1.0   3.0   30    100   0.2   7.09        62.1    
1.0   1.5   40    80    0.0   7.07        64.9    
1.0   3.0   40    100   0.2   5.93        63.0    
2.0   1.5   20    80    0.2   5.87        73.9    
2.0   1.5   20    90    0.2   5.87        73.9    
2.0   1.5   30    80    0.2   5.87        73.9    
2.0   1.5   30    90    0.2   5.87        73.9    
1.0   1.5   20    90    0.0   5.70        63.4    
1.0   1.5   30    90    0.0   5.70        63.4    
2.0   2.0   40    80    0.2   5.60        73.9    
2.0   2.0   40    90    0.2   5.60        73.9    
1.0   1.5   20    100   0.0   5.43        61.0    
1.0   1.5   30    100   0.0   5.43        61.0    
2.0   1.5   20    80    0.1   5.23        73.1    
2.0   1.5   20    90    0.1   5.23        73.1    
2.0   1.5   30    80    0.1   5.23        73.1    
2.0   1.5   30    90    0.1   5.23        73.1    
2.0   1.5   40    100   0.2   5.22        69.6    
2.0   2.0   40    80    0.1   4.95        73.1    
2.0   2.0   40    90    0.1   4.95        73.1    
2.0   1.5   40    100   0.1   4.58        69.2    
1.0   3.5   20    100   0.2   2.78        62.1    
1.0   3.5   30    100   0.2   2.78        62.1    
1.0   3.5   20    90    0.1   2.75        65.6    
1.0   3.5   30    90    0.1   2.75        65.6    
1.0   1.5   20    80    0.2   2.61        60.6    
1.0   1.5   30    80    0.2   2.61        60.6    
1.0   2.0   20    80    0.2   2.20        59.4    
1.0   2.0   30    80    0.2   2.20        59.4    
1.0   2.0   40    80    0.0   1.82        63.9    
2.0   1.5   20    100   0.2   1.77        69.6    
2.0   1.5   30    100   0.2   1.77        69.6    
2.0   2.0   40    100   0.2   1.49        73.9    
1.0   3.0   20    80    0.1   1.37        65.6    
1.0   3.0   30    80    0.1   1.37        65.6    
2.0   1.5   20    100   0.1   1.13        69.2    
2.0   1.5   30    100   0.1   1.13        69.2    
2.0   2.0   40    100   0.1   0.85        73.1    
1.0   3.0   20    90    0.2   -0.35       62.1    
1.0   3.0   30    90    0.2   -0.35       62.1    
1.0   3.0   40    90    0.2   -1.49       63.0    
0.0   2.0   20    100   0.0   -4.35       50.0    
0.0   2.0   20    100   0.1   -4.35       50.0    
0.0   2.0   20    100   0.2   -4.35       50.0    
0.0   2.0   30    100   0.0   -4.35       50.0    
0.0   2.0   30    100   0.1   -4.35       50.0    
0.0   2.0   30    100   0.2   -4.35       50.0    
1.0   3.5   40    100   0.2   -4.36       63.0    
1.0   3.5   40    90    0.1   -4.39       66.7    
1.0   3.0   40    80    0.2   -4.48       63.0    
1.0   1.5   20    80    0.0   -4.79       64.1    
1.0   1.5   30    80    0.0   -4.79       64.1    
1.0   3.5   40    80    0.1   -7.37       66.7    
1.0   2.0   20    80    0.0   -8.07       63.2    
1.0   2.0   30    80    0.0   -8.07       63.2    
1.0   2.5   40    90    0.1   -9.09       62.5    
1.0   2.5   40    100   0.1   -9.80       62.5    
1.0   3.5   20    90    0.2   -10.10      62.1    
1.0   3.5   30    90    0.2   -10.10      62.1    
1.0   1.5   40    90    0.0   -10.94      63.2    
1.0   1.5   40    100   0.0   -11.21      60.5    
2.0   2.5   40    80    0.2   -11.29      73.9    
2.0   2.5   40    90    0.2   -11.29      73.9    
1.0   3.0   20    80    0.2   -11.47      62.1    
1.0   3.0   30    80    0.2   -11.47      62.1    
2.0   2.5   40    80    0.1   -11.92      73.1    
2.0   2.5   40    90    0.1   -11.92      73.1    
1.0   2.5   40    80    0.1   -12.06      62.5    
2.0   2.5   40    100   0.2   -15.32      73.9    
0.0   2.5   20    80    0.0   -15.49      44.4    
0.0   2.5   20    80    0.1   -15.49      44.4    
0.0   2.5   20    80    0.2   -15.49      44.4    
0.0   2.5   20    90    0.0   -15.49      44.4    
0.0   2.5   20    90    0.1   -15.49      44.4    
0.0   2.5   20    90    0.2   -15.49      44.4    
0.0   2.5   30    80    0.0   -15.49      44.4    
0.0   2.5   30    80    0.1   -15.49      44.4    
0.0   2.5   30    80    0.2   -15.49      44.4    
0.0   2.5   30    90    0.0   -15.49      44.4    
0.0   2.5   30    90    0.1   -15.49      44.4    
0.0   2.5   30    90    0.2   -15.49      44.4    
2.0   2.5   40    100   0.1   -15.95      73.1    
1.0   3.5   40    90    0.2   -17.15      63.0    
1.0   2.0   40    90    0.0   -18.42      62.2    
1.0   3.5   40    80    0.2   -20.09      63.0    
1.0   2.0   20    90    0.0   -20.11      61.5    
1.0   2.0   30    90    0.0   -20.11      61.5    
-1.0  1.5   20    80    0.0   -21.54      0.0     
-1.0  1.5   20    80    0.1   -21.54      0.0     
-1.0  1.5   20    80    0.2   -21.54      0.0     
-1.0  1.5   20    90    0.0   -21.54      0.0     
-1.0  1.5   20    90    0.1   -21.54      0.0     
-1.0  1.5   20    90    0.2   -21.54      0.0     
-1.0  1.5   20    100   0.0   -21.54      0.0     
-1.0  1.5   20    100   0.1   -21.54      0.0     
-1.0  1.5   20    100   0.2   -21.54      0.0     
-1.0  1.5   30    80    0.0   -21.54      0.0     
-1.0  1.5   30    80    0.1   -21.54      0.0     
-1.0  1.5   30    80    0.2   -21.54      0.0     
-1.0  1.5   30    90    0.0   -21.54      0.0     
-1.0  1.5   30    90    0.1   -21.54      0.0     
-1.0  1.5   30    90    0.2   -21.54      0.0     
-1.0  1.5   30    100   0.0   -21.54      0.0     
-1.0  1.5   30    100   0.1   -21.54      0.0     
-1.0  1.5   30    100   0.2   -21.54      0.0     
1.0   2.5   20    90    0.1   -21.61      61.8    
1.0   2.5   30    90    0.1   -21.61      61.8    
1.0   2.5   40    90    0.2   -21.79      58.6    
1.0   2.0   40    100   0.0   -22.06      62.2    
1.0   2.5   20    100   0.1   -22.31      61.8    
1.0   2.5   30    100   0.1   -22.31      61.8    
1.0   2.5   40    100   0.2   -22.49      58.6    
1.0   2.0   20    100   0.0   -23.75      61.5    
1.0   2.0   30    100   0.0   -23.75      61.5    
1.0   2.5   40    80    0.2   -24.72      58.6    
1.0   3.0   40    80    0.0   -26.79      66.7    
1.0   3.5   20    80    0.1   -28.38      64.5    
1.0   3.5   30    80    0.1   -28.38      64.5    
2.0   2.0   20    80    0.0   -31.41      67.7    
2.0   2.0   20    90    0.0   -31.41      67.7    
2.0   2.0   30    80    0.0   -31.41      67.7    
2.0   2.0   30    90    0.0   -31.41      67.7    
-1.0  2.0   20    80    0.0   -31.82      0.0     
-1.0  2.0   20    80    0.1   -31.82      0.0     
-1.0  2.0   20    80    0.2   -31.82      0.0     
-1.0  2.0   20    90    0.0   -31.82      0.0     
-1.0  2.0   20    90    0.1   -31.82      0.0     
-1.0  2.0   20    90    0.2   -31.82      0.0     
-1.0  2.0   20    100   0.0   -31.82      0.0     
-1.0  2.0   20    100   0.1   -31.82      0.0     
-1.0  2.0   20    100   0.2   -31.82      0.0     
-1.0  2.0   30    80    0.0   -31.82      0.0     
-1.0  2.0   30    80    0.1   -31.82      0.0     
-1.0  2.0   30    80    0.2   -31.82      0.0     
-1.0  2.0   30    90    0.0   -31.82      0.0     
-1.0  2.0   30    90    0.1   -31.82      0.0     
-1.0  2.0   30    90    0.2   -31.82      0.0     
-1.0  2.0   30    100   0.0   -31.82      0.0     
-1.0  2.0   30    100   0.1   -31.82      0.0     
-1.0  2.0   30    100   0.2   -31.82      0.0     
-1.0  2.5   20    80    0.0   -31.82      0.0     
-1.0  2.5   20    80    0.1   -31.82      0.0     
-1.0  2.5   20    80    0.2   -31.82      0.0     
-1.0  2.5   20    90    0.0   -31.82      0.0     
-1.0  2.5   20    90    0.1   -31.82      0.0     
-1.0  2.5   20    90    0.2   -31.82      0.0     
-1.0  2.5   20    100   0.0   -31.82      0.0     
-1.0  2.5   20    100   0.1   -31.82      0.0     
-1.0  2.5   20    100   0.2   -31.82      0.0     
-1.0  2.5   30    80    0.0   -31.82      0.0     
-1.0  2.5   30    80    0.1   -31.82      0.0     
-1.0  2.5   30    80    0.2   -31.82      0.0     
-1.0  2.5   30    90    0.0   -31.82      0.0     
-1.0  2.5   30    90    0.1   -31.82      0.0     
-1.0  2.5   30    90    0.2   -31.82      0.0     
-1.0  2.5   30    100   0.0   -31.82      0.0     
-1.0  2.5   30    100   0.1   -31.82      0.0     
-1.0  2.5   30    100   0.2   -31.82      0.0     
1.0   2.5   20    80    0.1   -32.50      61.8    
1.0   2.5   30    80    0.1   -32.50      61.8    
1.0   3.0   20    80    0.0   -33.62      65.7    
1.0   3.0   30    80    0.0   -33.62      65.7    
1.0   2.5   20    90    0.2   -34.15      58.1    
1.0   2.5   30    90    0.2   -34.15      58.1    
1.0   2.5   20    100   0.2   -34.84      58.1    
1.0   2.5   30    100   0.2   -34.84      58.1    
-1.0  3.0   20    80    0.0   -35.15      0.0     
-1.0  3.0   20    80    0.1   -35.15      0.0     
-1.0  3.0   20    80    0.2   -35.15      0.0     
-1.0  3.0   20    90    0.0   -35.15      0.0     
-1.0  3.0   20    90    0.1   -35.15      0.0     
-1.0  3.0   20    90    0.2   -35.15      0.0     
-1.0  3.0   20    100   0.0   -35.15      0.0     
-1.0  3.0   20    100   0.1   -35.15      0.0     
-1.0  3.0   20    100   0.2   -35.15      0.0     
-1.0  3.0   30    80    0.0   -35.15      0.0     
-1.0  3.0   30    80    0.1   -35.15      0.0     
-1.0  3.0   30    80    0.2   -35.15      0.0     
-1.0  3.0   30    90    0.0   -35.15      0.0     
-1.0  3.0   30    90    0.1   -35.15      0.0     
-1.0  3.0   30    90    0.2   -35.15      0.0     
-1.0  3.0   30    100   0.0   -35.15      0.0     
-1.0  3.0   30    100   0.1   -35.15      0.0     
-1.0  3.0   30    100   0.2   -35.15      0.0     
0.0   2.5   20    100   0.0   -35.25      37.5    
0.0   2.5   20    100   0.1   -35.25      37.5    
0.0   2.5   20    100   0.2   -35.25      37.5    
0.0   2.5   30    100   0.0   -35.25      37.5    
0.0   2.5   30    100   0.1   -35.25      37.5    
0.0   2.5   30    100   0.2   -35.25      37.5    
2.0   2.0   20    100   0.0   -35.37      67.7    
2.0   2.0   30    100   0.0   -35.37      67.7    
1.0   3.0   20    100   0.0   -35.97      63.9    
1.0   3.0   30    100   0.0   -35.97      63.9    
1.0   3.0   40    100   0.0   -37.08      64.7    
-1.0  3.5   20    80    0.0   -39.32      0.0     
-1.0  3.5   20    80    0.1   -39.32      0.0     
-1.0  3.5   20    80    0.2   -39.32      0.0     
-1.0  3.5   20    90    0.0   -39.32      0.0     
-1.0  3.5   20    90    0.1   -39.32      0.0     
-1.0  3.5   20    90    0.2   -39.32      0.0     
-1.0  3.5   20    100   0.0   -39.32      0.0     
-1.0  3.5   20    100   0.1   -39.32      0.0     
-1.0  3.5   20    100   0.2   -39.32      0.0     
-1.0  3.5   30    80    0.0   -39.32      0.0     
-1.0  3.5   30    80    0.1   -39.32      0.0     
-1.0  3.5   30    80    0.2   -39.32      0.0     
-1.0  3.5   30    90    0.0   -39.32      0.0     
-1.0  3.5   30    90    0.1   -39.32      0.0     
-1.0  3.5   30    90    0.2   -39.32      0.0     
-1.0  3.5   30    100   0.0   -39.32      0.0     
-1.0  3.5   30    100   0.1   -39.32      0.0     
-1.0  3.5   30    100   0.2   -39.32      0.0     
1.0   3.5   20    80    0.2   -40.83      60.7    
1.0   3.5   30    80    0.2   -40.83      60.7    
1.0   2.5   40    80    0.0   -40.85      62.9    
1.0   3.0   20    90    0.0   -43.09      63.9    
1.0   3.0   30    90    0.0   -43.09      63.9    
1.0   3.0   40    90    0.0   -44.18      64.7    
1.0   2.5   20    80    0.2   -44.90      58.1    
1.0   2.5   30    80    0.2   -44.90      58.1    
2.0   2.5   20    80    0.0   -47.67      67.7    
2.0   2.5   20    90    0.0   -47.67      67.7    
2.0   2.5   30    80    0.0   -47.67      67.7    
2.0   2.5   30    90    0.0   -47.67      67.7    
2.0   2.5   20    100   0.0   -51.56      67.7    
2.0   2.5   30    100   0.0   -51.56      67.7    
2.0   3.5   20    80    0.0   -51.68      67.7    
2.0   3.5   20    90    0.0   -51.68      67.7    
2.0   3.5   30    80    0.0   -51.68      67.7    
2.0   3.5   30    90    0.0   -51.68      67.7    
1.0   3.5   20    100   0.0   -52.52      63.9    
1.0   3.5   30    100   0.0   -52.52      63.9    
1.0   3.5   40    80    0.0   -54.45      66.7    
2.0   3.5   20    100   0.0   -55.55      67.7    
2.0   3.5   30    100   0.0   -55.55      67.7    
0.0   1.5   40    80    0.0   -55.60      50.0    
0.0   1.5   40    80    0.1   -55.60      50.0    
0.0   1.5   40    80    0.2   -55.60      50.0    
0.0   1.5   40    90    0.0   -55.60      50.0    
0.0   1.5   40    90    0.1   -55.60      50.0    
0.0   1.5   40    90    0.2   -55.60      50.0    
0.0   1.5   40    100   0.0   -57.18      40.0    
0.0   1.5   40    100   0.1   -57.18      40.0    
0.0   1.5   40    100   0.2   -57.18      40.0    
2.0   3.0   20    80    0.0   -57.45      67.7    
2.0   3.0   20    90    0.0   -57.45      67.7    
2.0   3.0   30    80    0.0   -57.45      67.7    
2.0   3.0   30    90    0.0   -57.45      67.7    
1.0   2.5   40    90    0.0   -57.99      61.1    
1.0   2.5   40    100   0.0   -58.67      61.1    
1.0   3.5   40    100   0.0   -59.26      64.7    
0.0   2.0   40    80    0.0   -59.56      50.0    
0.0   2.0   40    80    0.1   -59.56      50.0    
0.0   2.0   40    80    0.2   -59.56      50.0    
0.0   2.0   40    90    0.0   -59.56      50.0    
0.0   2.0   40    90    0.1   -59.56      50.0    
0.0   2.0   40    90    0.2   -59.56      50.0    
1.0   2.5   20    80    0.0   -60.70      62.2    
1.0   2.5   30    80    0.0   -60.70      62.2    
2.0   3.5   40    80    0.0   -61.01      67.7    
2.0   3.5   40    90    0.0   -61.01      67.7    
2.0   3.0   20    100   0.0   -61.30      67.7    
2.0   3.0   30    100   0.0   -61.30      67.7    
0.0   1.5   20    80    0.0   -62.63      55.6    
0.0   1.5   20    80    0.1   -62.63      55.6    
0.0   1.5   20    80    0.2   -62.63      55.6    
0.0   1.5   20    90    0.0   -62.63      55.6    
0.0   1.5   20    90    0.1   -62.63      55.6    
0.0   1.5   20    90    0.2   -62.63      55.6    
0.0   1.5   30    80    0.0   -62.63      55.6    
0.0   1.5   30    80    0.1   -62.63      55.6    
0.0   1.5   30    80    0.2   -62.63      55.6    
0.0   1.5   30    90    0.0   -62.63      55.6    
0.0   1.5   30    90    0.1   -62.63      55.6    
0.0   1.5   30    90    0.2   -62.63      55.6    
0.0   1.5   20    100   0.0   -64.21      50.0    
0.0   1.5   20    100   0.1   -64.21      50.0    
0.0   1.5   20    100   0.2   -64.21      50.0    
0.0   1.5   30    100   0.0   -64.21      50.0    
0.0   1.5   30    100   0.1   -64.21      50.0    
0.0   1.5   30    100   0.2   -64.21      50.0    
1.0   3.5   20    90    0.0   -64.69      63.9    
1.0   3.5   30    90    0.0   -64.69      63.9    
2.0   3.5   40    100   0.0   -64.84      67.7    
2.0   3.0   40    80    0.0   -66.72      67.7    
2.0   3.0   40    90    0.0   -66.72      67.7    
1.0   2.5   20    90    0.0   -69.90      60.5    
1.0   2.5   30    90    0.0   -69.90      60.5    
2.0   3.0   40    100   0.0   -70.54      67.7    
1.0   2.5   20    100   0.0   -70.56      60.5    
1.0   2.5   30    100   0.0   -70.56      60.5    
1.0   3.5   40    90    0.0   -71.34      64.7    
2.0   1.5   40    80    0.0   -72.52      64.5    
2.0   1.5   40    90    0.0   -72.52      64.5    
0.0   2.5   40    80    0.0   -73.85      33.3    
0.0   2.5   40    80    0.1   -73.85      33.3    
0.0   2.5   40    80    0.2   -73.85      33.3    
0.0   2.5   40    90    0.0   -73.85      33.3    
0.0   2.5   40    90    0.1   -73.85      33.3    
0.0   2.5   40    90    0.2   -73.85      33.3    
1.0   3.5   20    80    0.0   -74.46      64.7    
1.0   3.5   30    80    0.0   -74.46      64.7    
2.0   1.5   20    80    0.0   -75.71      64.5    
2.0   1.5   20    90    0.0   -75.71      64.5    
2.0   1.5   30    80    0.0   -75.71      64.5    
2.0   1.5   30    90    0.0   -75.71      64.5    
2.0   2.0   40    80    0.0   -75.96      64.5    
2.0   2.0   40    90    0.0   -75.96      64.5    
2.0   1.5   40    100   0.0   -76.31      61.3    
0.0   2.0   40    100   0.0   -78.44      40.0    
0.0   2.0   40    100   0.1   -78.44      40.0    
0.0   2.0   40    100   0.2   -78.44      40.0    
2.0   1.5   20    100   0.0   -79.48      61.3    
2.0   1.5   30    100   0.0   -79.48      61.3    
2.0   2.0   40    100   0.0   -79.74      64.5    
2.0   2.5   40    80    0.0   -91.48      64.5    
2.0   2.5   40    90    0.0   -91.48      64.5    
0.0   2.5   40    100   0.0   -92.44      20.0    
0.0   2.5   40    100   0.1   -92.44      20.0    
0.0   2.5   40    100   0.2   -92.44      20.0    
2.0   2.5   40    100   0.0   -95.19      64.5    
0.0   3.0   40    80    0.0   -98.72      33.3    
0.0   3.0   40    80    0.1   -98.72      33.3    
0.0   3.0   40    80    0.2   -98.72      33.3    
0.0   3.0   40    90    0.0   -98.72      33.3    
0.0   3.0   40    90    0.1   -98.72      33.3    
0.0   3.0   40    90    0.2   -98.72      33.3    
0.0   3.5   40    80    0.0   -101.09     50.0    
0.0   3.5   40    80    0.1   -101.09     50.0    
0.0   3.5   40    80    0.2   -101.09     50.0    
0.0   3.5   40    90    0.0   -101.09     50.0    
0.0   3.5   40    90    0.1   -101.09     50.0    
0.0   3.5   40    90    0.2   -101.09     50.0    
0.0   3.5   40    100   0.0   -103.62     40.0    
0.0   3.5   40    100   0.1   -103.62     40.0    
0.0   3.5   40    100   0.2   -103.62     40.0    
0.0   3.0   40    100   0.0   -112.82     20.0    
0.0   3.0   40    100   0.1   -112.82     20.0    
0.0   3.0   40    100   0.2   -112.82     20.0    
