OTIMIZACAO 5D BTCUSDT 1h
--------------------------------------------------------------------------------
Dist  Stop  Nota  EMA   Min%  Lucro       Win%    
0.0   2.5   40    80    0.0   69.95       50.0    
0.0   2.5   40    80    0.1   69.95       50.0    
0.0   2.5   40    80    0.2   69.95       50.0    
0.0   2.5   40    90    0.0   69.95       50.0    
0.0   2.5   40    90    0.1   69.95       50.0    
0.0   2.5   40    90    0.2   69.95       50.0    
0.0   2.5   40    100   0.0   69.95       50.0    
0.0   2.5   40    100   0.1   69.95       50.0    
0.0   2.5   40    100   0.2   69.95       50.0    
0.0   3.0   40    80    0.0   61.04       50.0    
0.0   3.0   40    80    0.1   61.04       50.0    
0.0   3.0   40    80    0.2   61.04       50.0    
0.0   3.0   40    90    0.0   61.04       50.0    
0.0   3.0   40    90    0.1   61.04       50.0    
0.0   3.0   40    90    0.2   61.04       50.0    
0.0   3.0   40    100   0.0   61.04       50.0    
0.0   3.0   40    100   0.1   61.04       50.0    
0.0   3.0   40    100   0.2   61.04       50.0    
0.0   3.5   40    80    0.0   49.43       50.0    
0.0   3.5   40    80    0.1   49.43       50.0    
0.0   3.5   40    80    0.2   49.43       50.0    
0.0   3.5   40    90    0.0   49.43       50.0    
0.0   3.5   40    90    0.1   49.43       50.0    
0.0   3.5   40    90    0.2   49.43       50.0    
0.0   3.5   40    100   0.0   49.43       50.0    
0.0   3.5   40    100   0.1   49.43       50.0    
0.0   3.5   40    100   0.2   49.43       50.0    
0.0   2.0   40    80    0.0   39.11       40.0    
0.0   2.0   40    80    0.1   39.11       40.0    
0.0   2.0   40    80    0.2   39.11       40.0    
0.0   2.0   40    90    0.0   39.11       40.0    
0.0   2.0   40    90    0.1   39.11       40.0    
0.0   2.0   40    90    0.2   39.11       40.0    
0.0   2.0   40    100   0.0   39.11       40.0    
0.0   2.0   40    100   0.1   39.11       40.0    
0.0   2.0   40    100   0.2   39.11       40.0    
0.0   2.5   20    80    0.0   33.28       40.0    
0.0   2.5   20    80    0.1   33.28       40.0    
0.0   2.5   20    80    0.2   33.28       40.0    
0.0   2.5   20    90    0.0   33.28       40.0    
0.0   2.5   20    90    0.1   33.28       40.0    
0.0   2.5   20    90    0.2   33.28       40.0    
0.0   2.5   20    100   0.0   33.28       40.0    
0.0   2.5   20    100   0.1   33.28       40.0    
0.0   2.5   20    100   0.2   33.28       40.0    
0.0   2.5   30    80    0.0   33.28       40.0    
0.0   2.5   30    80    0.1   33.28       40.0    
0.0   2.5   30    80    0.2   33.28       40.0    
0.0   2.5   30    90    0.0   33.28       40.0    
0.0   2.5   30    90    0.1   33.28       40.0    
0.0   2.5   30    90    0.2   33.28       40.0    
0.0   2.5   30    100   0.0   33.28       40.0    
0.0   2.5   30    100   0.1   33.28       40.0    
0.0   2.5   30    100   0.2   33.28       40.0    
0.0   3.5   20    80    0.0   27.08       40.0    
0.0   3.5   20    80    0.1   27.08       40.0    
0.0   3.5   20    80    0.2   27.08       40.0    
0.0   3.5   20    90    0.0   27.08       40.0    
0.0   3.5   20    90    0.1   27.08       40.0    
0.0   3.5   20    90    0.2   27.08       40.0    
0.0   3.5   20    100   0.0   27.08       40.0    
0.0   3.5   20    100   0.1   27.08       40.0    
0.0   3.5   20    100   0.2   27.08       40.0    
0.0   3.5   30    80    0.0   27.08       40.0    
0.0   3.5   30    80    0.1   27.08       40.0    
0.0   3.5   30    80    0.2   27.08       40.0    
0.0   3.5   30    90    0.0   27.08       40.0    
0.0   3.5   30    90    0.1   27.08       40.0    
0.0   3.5   30    90    0.2   27.08       40.0    
0.0   3.5   30    100   0.0   27.08       40.0    
0.0   3.5   30    100   0.1   27.08       40.0    
0.0   3.5   30    100   0.2   27.08       40.0    
0.0   3.0   20    80    0.0   24.67       40.0    
0.0   3.0   20    80    0.1   24.67       40.0    
0.0   3.0   20    80    0.2   24.67       40.0    
0.0   3.0   20    90    0.0   24.67       40.0    
0.0   3.0   20    90    0.1   24.67       40.0    
0.0   3.0   20    90    0.2   24.67       40.0    
0.0   3.0   20    100   0.0   24.67       40.0    
0.0   3.0   20    100   0.1   24.67       40.0    
0.0   3.0   20    100   0.2   24.67       40.0    
0.0   3.0   30    80    0.0   24.67       40.0    
0.0   3.0   30    80    0.1   24.67       40.0    
0.0   3.0   30    80    0.2   24.67       40.0    
0.0   3.0   30    90    0.0   24.67       40.0    
0.0   3.0   30    90    0.1   24.67       40.0    
0.0   3.0   30    90    0.2   24.67       40.0    
0.0   3.0   30    100   0.0   24.67       40.0    
0.0   3.0   30    100   0.1   24.67       40.0    
0.0   3.0   30    100   0.2   24.67       40.0    
0.0   1.5   40    80    0.0   21.49       33.3    
0.0   1.5   40    80    0.1   21.49       33.3    
0.0   1.5   40    80    0.2   21.49       33.3    
0.0   1.5   40    90    0.0   21.49       33.3    
0.0   1.5   40    90    0.1   21.49       33.3    
0.0   1.5   40    90    0.2   21.49       33.3    
0.0   1.5   40    100   0.0   21.49       33.3    
0.0   1.5   40    100   0.1   21.49       33.3    
0.0   1.5   40    100   0.2   21.49       33.3    
2.0   1.5   20    80    0.0   6.13        100.0   
2.0   1.5   20    90    0.0   6.13        100.0   
2.0   1.5   30    80    0.0   6.13        100.0   
2.0   1.5   30    90    0.0   6.13        100.0   
2.0   1.5   40    80    0.0   6.13        100.0   
2.0   1.5   40    90    0.0   6.13        100.0   
2.0   2.0   20    80    0.0   6.13        100.0   
2.0   2.0   20    90    0.0   6.13        100.0   
2.0   2.0   30    80    0.0   6.13        100.0   
2.0   2.0   30    90    0.0   6.13        100.0   
2.0   2.0   40    80    0.0   6.13        100.0   
2.0   2.0   40    90    0.0   6.13        100.0   
2.0   2.5   20    80    0.0   6.13        100.0   
2.0   2.5   20    90    0.0   6.13        100.0   
2.0   2.5   30    80    0.0   6.13        100.0   
2.0   2.5   30    90    0.0   6.13        100.0   
2.0   2.5   40    80    0.0   6.13        100.0   
2.0   2.5   40    90    0.0   6.13        100.0   
2.0   3.0   20    80    0.0   6.13        100.0   
2.0   3.0   20    90    0.0   6.13        100.0   
2.0   3.0   30    80    0.0   6.13        100.0   
2.0   3.0   30    90    0.0   6.13        100.0   
2.0   3.0   40    80    0.0   6.13        100.0   
2.0   3.0   40    90    0.0   6.13        100.0   
2.0   3.5   20    80    0.0   6.13        100.0   
2.0   3.5   20    90    0.0   6.13        100.0   
2.0   3.5   30    80    0.0   6.13        100.0   
2.0   3.5   30    90    0.0   6.13        100.0   
2.0   3.5   40    80    0.0   6.13        100.0   
2.0   3.5   40    90    0.0   6.13        100.0   
0.0   1.5   20    80    0.0   4.85        28.6    
0.0   1.5   20    80    0.1   4.85        28.6    
0.0   1.5   20    80    0.2   4.85        28.6    
0.0   1.5   20    90    0.0   4.85        28.6    
0.0   1.5   20    90    0.1   4.85        28.6    
0.0   1.5   20    90    0.2   4.85        28.6    
0.0   1.5   20    100   0.0   4.85        28.6    
0.0   1.5   20    100   0.1   4.85        28.6    
0.0   1.5   20    100   0.2   4.85        28.6    
0.0   1.5   30    80    0.0   4.85        28.6    
0.0   1.5   30    80    0.1   4.85        28.6    
0.0   1.5   30    80    0.2   4.85        28.6    
0.0   1.5   30    90    0.0   4.85        28.6    
0.0   1.5   30    90    0.1   4.85        28.6    
0.0   1.5   30    90    0.2   4.85        28.6    
0.0   1.5   30    100   0.0   4.85        28.6    
0.0   1.5   30    100   0.1   4.85        28.6    
0.0   1.5   30    100   0.2   4.85        28.6    
2.0   1.5   20    100   0.0   4.79        80.0    
2.0   1.5   30    100   0.0   4.79        80.0    
2.0   1.5   40    100   0.0   4.79        80.0    
2.0   2.0   20    100   0.0   4.79        80.0    
2.0   2.0   30    100   0.0   4.79        80.0    
2.0   2.0   40    100   0.0   4.79        80.0    
2.0   2.5   20    100   0.0   4.79        80.0    
2.0   2.5   30    100   0.0   4.79        80.0    
2.0   2.5   40    100   0.0   4.79        80.0    
2.0   3.0   20    100   0.0   4.79        80.0    
2.0   3.0   30    100   0.0   4.79        80.0    
2.0   3.0   40    100   0.0   4.79        80.0    
2.0   3.5   20    100   0.0   4.79        80.0    
2.0   3.5   30    100   0.0   4.79        80.0    
2.0   3.5   40    100   0.0   4.79        80.0    
0.0   2.0   20    80    0.0   3.49        33.3    
0.0   2.0   20    80    0.1   3.49        33.3    
0.0   2.0   20    80    0.2   3.49        33.3    
0.0   2.0   20    90    0.0   3.49        33.3    
0.0   2.0   20    90    0.1   3.49        33.3    
0.0   2.0   20    90    0.2   3.49        33.3    
0.0   2.0   20    100   0.0   3.49        33.3    
0.0   2.0   20    100   0.1   3.49        33.3    
0.0   2.0   20    100   0.2   3.49        33.3    
0.0   2.0   30    80    0.0   3.49        33.3    
0.0   2.0   30    80    0.1   3.49        33.3    
0.0   2.0   30    80    0.2   3.49        33.3    
0.0   2.0   30    90    0.0   3.49        33.3    
0.0   2.0   30    90    0.1   3.49        33.3    
0.0   2.0   30    90    0.2   3.49        33.3    
0.0   2.0   30    100   0.0   3.49        33.3    
0.0   2.0   30    100   0.1   3.49        33.3    
0.0   2.0   30    100   0.2   3.49        33.3    
2.0   1.5   20    80    0.1   -0.57       100.0   
2.0   1.5   20    80    0.2   -0.57       100.0   
2.0   1.5   20    90    0.1   -0.57       100.0   
2.0   1.5   20    90    0.2   -0.57       100.0   
2.0   1.5   20    100   0.1   -0.57       100.0   
2.0   1.5   20    100   0.2   -0.57       100.0   
2.0   1.5   30    80    0.1   -0.57       100.0   
2.0   1.5   30    80    0.2   -0.57       100.0   
2.0   1.5   30    90    0.1   -0.57       100.0   
2.0   1.5   30    90    0.2   -0.57       100.0   
2.0   1.5   30    100   0.1   -0.57       100.0   
2.0   1.5   30    100   0.2   -0.57       100.0   
2.0   1.5   40    80    0.1   -0.57       100.0   
2.0   1.5   40    80    0.2   -0.57       100.0   
2.0   1.5   40    90    0.1   -0.57       100.0   
2.0   1.5   40    90    0.2   -0.57       100.0   
2.0   1.5   40    100   0.1   -0.57       100.0   
2.0   1.5   40    100   0.2   -0.57       100.0   
2.0   2.0   20    80    0.1   -0.57       100.0   
2.0   2.0   20    80    0.2   -0.57       100.0   
2.0   2.0   20    90    0.1   -0.57       100.0   
2.0   2.0   20    90    0.2   -0.57       100.0   
2.0   2.0   20    100   0.1   -0.57       100.0   
2.0   2.0   20    100   0.2   -0.57       100.0   
2.0   2.0   30    80    0.1   -0.57       100.0   
2.0   2.0   30    80    0.2   -0.57       100.0   
2.0   2.0   30    90    0.1   -0.57       100.0   
2.0   2.0   30    90    0.2   -0.57       100.0   
2.0   2.0   30    100   0.1   -0.57       100.0   
2.0   2.0   30    100   0.2   -0.57       100.0   
2.0   2.0   40    80    0.1   -0.57       100.0   
2.0   2.0   40    80    0.2   -0.57       100.0   
2.0   2.0   40    90    0.1   -0.57       100.0   
2.0   2.0   40    90    0.2   -0.57       100.0   
2.0   2.0   40    100   0.1   -0.57       100.0   
2.0   2.0   40    100   0.2   -0.57       100.0   
2.0   2.5   20    80    0.1   -0.57       100.0   
2.0   2.5   20    80    0.2   -0.57       100.0   
2.0   2.5   20    90    0.1   -0.57       100.0   
2.0   2.5   20    90    0.2   -0.57       100.0   
2.0   2.5   20    100   0.1   -0.57       100.0   
2.0   2.5   20    100   0.2   -0.57       100.0   
2.0   2.5   30    80    0.1   -0.57       100.0   
2.0   2.5   30    80    0.2   -0.57       100.0   
2.0   2.5   30    90    0.1   -0.57       100.0   
2.0   2.5   30    90    0.2   -0.57       100.0   
2.0   2.5   30    100   0.1   -0.57       100.0   
2.0   2.5   30    100   0.2   -0.57       100.0   
2.0   2.5   40    80    0.1   -0.57       100.0   
2.0   2.5   40    80    0.2   -0.57       100.0   
2.0   2.5   40    90    0.1   -0.57       100.0   
2.0   2.5   40    90    0.2   -0.57       100.0   
2.0   2.5   40    100   0.1   -0.57       100.0   
2.0   2.5   40    100   0.2   -0.57       100.0   
2.0   3.0   20    80    0.1   -0.57       100.0   
2.0   3.0   20    80    0.2   -0.57       100.0   
2.0   3.0   20    90    0.1   -0.57       100.0   
2.0   3.0   20    90    0.2   -0.57       100.0   
2.0   3.0   20    100   0.1   -0.57       100.0   
2.0   3.0   20    100   0.2   -0.57       100.0   
2.0   3.0   30    80    0.1   -0.57       100.0   
2.0   3.0   30    80    0.2   -0.57       100.0   
2.0   3.0   30    90    0.1   -0.57       100.0   
2.0   3.0   30    90    0.2   -0.57       100.0   
2.0   3.0   30    100   0.1   -0.57       100.0   
2.0   3.0   30    100   0.2   -0.57       100.0   
2.0   3.0   40    80    0.1   -0.57       100.0   
2.0   3.0   40    80    0.2   -0.57       100.0   
2.0   3.0   40    90    0.1   -0.57       100.0   
2.0   3.0   40    90    0.2   -0.57       100.0   
2.0   3.0   40    100   0.1   -0.57       100.0   
2.0   3.0   40    100   0.2   -0.57       100.0   
2.0   3.5   20    80    0.1   -0.57       100.0   
2.0   3.5   20    80    0.2   -0.57       100.0   
2.0   3.5   20    90    0.1   -0.57       100.0   
2.0   3.5   20    90    0.2   -0.57       100.0   
2.0   3.5   20    100   0.1   -0.57       100.0   
2.0   3.5   20    100   0.2   -0.57       100.0   
2.0   3.5   30    80    0.1   -0.57       100.0   
2.0   3.5   30    80    0.2   -0.57       100.0   
2.0   3.5   30    90    0.1   -0.57       100.0   
2.0   3.5   30    90    0.2   -0.57       100.0   
2.0   3.5   30    100   0.1   -0.57       100.0   
2.0   3.5   30    100   0.2   -0.57       100.0   
2.0   3.5   40    80    0.1   -0.57       100.0   
2.0   3.5   40    80    0.2   -0.57       100.0   
2.0   3.5   40    90    0.1   -0.57       100.0   
2.0   3.5   40    90    0.2   -0.57       100.0   
2.0   3.5   40    100   0.1   -0.57       100.0   
2.0   3.5   40    100   0.2   -0.57       100.0   
1.0   2.5   20    80    0.2   -33.14      53.3    
1.0   2.5   30    80    0.2   -33.14      53.3    
1.0   2.5   40    80    0.2   -33.14      53.3    
1.0   3.0   20    80    0.2   -33.14      53.3    
1.0   3.0   30    80    0.2   -33.14      53.3    
1.0   3.0   40    80    0.2   -33.14      53.3    
1.0   3.5   20    80    0.2   -33.14      53.3    
1.0   3.5   30    80    0.2   -33.14      53.3    
1.0   3.5   40    80    0.2   -33.14      53.3    
1.0   2.5   20    80    0.1   -37.68      55.6    
1.0   2.5   30    80    0.1   -37.68      55.6    
1.0   2.5   40    80    0.1   -37.68      55.6    
1.0   3.0   20    80    0.1   -37.68      55.6    
1.0   3.0   30    80    0.1   -37.68      55.6    
1.0   3.0   40    80    0.1   -37.68      55.6    
1.0   3.5   20    80    0.1   -37.68      55.6    
1.0   3.5   30    80    0.1   -37.68      55.6    
1.0   3.5   40    80    0.1   -37.68      55.6    
1.0   1.5   20    80    0.2   -44.02      53.3    
1.0   1.5   30    80    0.2   -44.02      53.3    
1.0   1.5   40    80    0.2   -44.02      53.3    
1.0   1.5   20    80    0.1   -48.51      55.6    
1.0   1.5   30    80    0.1   -48.51      55.6    
1.0   1.5   40    80    0.1   -48.51      55.6    
1.0   3.0   20    80    0.0   -50.20      52.4    
1.0   3.0   30    80    0.0   -50.20      52.4    
1.0   3.0   40    80    0.0   -50.20      52.4    
1.0   3.5   20    80    0.0   -50.20      52.4    
1.0   3.5   30    80    0.0   -50.20      52.4    
1.0   3.5   40    80    0.0   -50.20      52.4    
1.0   2.5   20    90    0.2   -51.48      43.8    
1.0   2.5   30    90    0.2   -51.48      43.8    
1.0   2.5   40    90    0.2   -51.48      43.8    
1.0   3.0   20    90    0.2   -51.48      43.8    
1.0   3.0   30    90    0.2   -51.48      43.8    
1.0   3.0   40    90    0.2   -51.48      43.8    
1.0   3.5   20    90    0.2   -51.48      43.8    
1.0   3.5   30    90    0.2   -51.48      43.8    
1.0   3.5   40    90    0.2   -51.48      43.8    
1.0   2.5   20    100   0.2   -53.43      43.8    
1.0   2.5   30    100   0.2   -53.43      43.8    
1.0   2.5   40    100   0.2   -53.43      43.8    
1.0   3.0   20    100   0.2   -53.43      43.8    
1.0   3.0   30    100   0.2   -53.43      43.8    
1.0   3.0   40    100   0.2   -53.43      43.8    
1.0   3.5   20    100   0.2   -53.43      43.8    
1.0   3.5   30    100   0.2   -53.43      43.8    
1.0   3.5   40    100   0.2   -53.43      43.8    
1.0   2.0   20    80    0.2   -54.80      53.3    
1.0   2.0   30    80    0.2   -54.80      53.3    
1.0   2.0   40    80    0.2   -54.80      53.3    
1.0   2.5   20    90    0.1   -55.94      47.4    
1.0   2.5   30    90    0.1   -55.94      47.4    
1.0   2.5   40    90    0.1   -55.94      47.4    
1.0   3.0   20    90    0.1   -55.94      47.4    
1.0   3.0   30    90    0.1   -55.94      47.4    
1.0   3.0   40    90    0.1   -55.94      47.4    
1.0   3.5   20    90    0.1   -55.94      47.4    
1.0   3.5   30    90    0.1   -55.94      47.4    
1.0   3.5   40    90    0.1   -55.94      47.4    
1.0   1.5   20    80    0.0   -57.38      54.5    
1.0   1.5   30    80    0.0   -57.38      54.5    
1.0   1.5   40    80    0.0   -57.38      54.5    
1.0   2.5   20    80    0.0   -57.51      50.0    
1.0   2.5   30    80    0.0   -57.51      50.0    
1.0   2.5   40    80    0.0   -57.51      50.0    
1.0   2.5   20    100   0.1   -57.87      47.4    
1.0   2.5   30    100   0.1   -57.87      47.4    
1.0   2.5   40    100   0.1   -57.87      47.4    
1.0   3.0   20    100   0.1   -57.87      47.4    
1.0   3.0   30    100   0.1   -57.87      47.4    
1.0   3.0   40    100   0.1   -57.87      47.4    
1.0   3.5   20    100   0.1   -57.87      47.4    
1.0   3.5   30    100   0.1   -57.87      47.4    
1.0   3.5   40    100   0.1   -57.87      47.4    
1.0   2.0   20    80    0.1   -59.24      55.6    
1.0   2.0   30    80    0.1   -59.24      55.6    
1.0   2.0   40    80    0.1   -59.24      55.6    
1.0   1.5   20    90    0.2   -62.16      43.8    
1.0   1.5   30    90    0.2   -62.16      43.8    
1.0   1.5   40    90    0.2   -62.16      43.8    
1.0   1.5   20    100   0.2   -64.08      43.8    
1.0   1.5   30    100   0.2   -64.08      43.8    
1.0   1.5   40    100   0.2   -64.08      43.8    
1.0   1.5   20    90    0.1   -66.56      47.4    
1.0   1.5   30    90    0.1   -66.56      47.4    
1.0   1.5   40    90    0.1   -66.56      47.4    
1.0   3.0   20    90    0.0   -68.22      45.5    
1.0   3.0   30    90    0.0   -68.22      45.5    
1.0   3.0   40    90    0.0   -68.22      45.5    
1.0   3.5   20    90    0.0   -68.22      45.5    
1.0   3.5   30    90    0.0   -68.22      45.5    
1.0   3.5   40    90    0.0   -68.22      45.5    
1.0   1.5   20    100   0.1   -68.48      47.4    
1.0   1.5   30    100   0.1   -68.48      47.4    
1.0   1.5   40    100   0.1   -68.48      47.4    
1.0   2.0   20    90    0.2   -72.73      43.8    
1.0   2.0   30    90    0.2   -72.73      43.8    
1.0   2.0   40    90    0.2   -72.73      43.8    
1.0   2.5   20    100   0.0   -73.55      45.5    
1.0   2.5   30    100   0.0   -73.55      45.5    
1.0   2.5   40    100   0.0   -73.55      45.5    
1.0   3.0   20    100   0.0   -73.55      45.5    
1.0   3.0   30    100   0.0   -73.55      45.5    
1.0   3.0   40    100   0.0   -73.55      45.5    
1.0   3.5   20    100   0.0   -73.55      45.5    
1.0   3.5   30    100   0.0   -73.55      45.5    
1.0   3.5   40    100   0.0   -73.55      45.5    
1.0   2.0   20    100   0.2   -74.63      43.8    
1.0   2.0   30    100   0.2   -74.63      43.8    
1.0   2.0   40    100   0.2   -74.63      43.8    
1.0   1.5   20    90    0.0   -75.27      47.8    
1.0   1.5   30    90    0.0   -75.27      47.8    
1.0   1.5   40    90    0.0   -75.27      47.8    
1.0   2.5   20    90    0.0   -75.39      43.5    
1.0   2.5   30    90    0.0   -75.39      43.5    
1.0   2.5   40    90    0.0   -75.39      43.5    
1.0   2.0   20    80    0.0   -75.69      54.5    
1.0   2.0   30    80    0.0   -75.69      54.5    
1.0   2.0   40    80    0.0   -75.69      54.5    
1.0   2.0   20    90    0.1   -77.09      47.4    
1.0   2.0   30    90    0.1   -77.09      47.4    
1.0   2.0   40    90    0.1   -77.09      47.4    
1.0   2.0   20    100   0.1   -78.98      47.4    
1.0   2.0   30    100   0.1   -78.98      47.4    
1.0   2.0   40    100   0.1   -78.98      47.4    
1.0   1.5   20    100   0.0   -83.98      45.5    
1.0   1.5   30    100   0.0   -83.98      45.5    
1.0   1.5   40    100   0.0   -83.98      45.5    
1.0   2.0   20    90    0.0   -93.23      47.8    
1.0   2.0   30    90    0.0   -93.23      47.8    
1.0   2.0   40    90    0.0   -93.23      47.8    
1.0   2.0   20    100   0.0   -94.31      45.5    
1.0   2.0   30    100   0.0   -94.31      45.5    
1.0   2.0   40    100   0.0   -94.31      45.5    
